0  0  0  0  0  0  0  0  0  0  0  0  0  0  0  0  0  0  0
0  0  0  0  0  0  0  0  0  0  0  0  0  0  0  0  0  0  0
0  0 0 0  0  0 0 0  0  0  0 0 0 0 0 0  0  0  0 0  0  0  0 0 0  0  0





                 yolo


0  0 0 0  0  0 0 0   0
0  0 0 0 0 0 0 0  0  0  0  0 0 0 0 0  0  0  0
0  0  0 0 0 0 0 0  0  0  0 0 0  0  0  0  0  0  0
0  0  0  0  0  0 0 0  0  0  0 0 0  0  0  0  0  0  0
0  0  0  0  0  0 0 0  0  0  0 0 0 0 0 0 0  0  0
0  0  0  0  0  0  0  0  0  0  0  0  0  0  0  0  0  0  0
0  0  0  0  0  0  0  0  0  0  0  0  0  0  0  0  0  0  0
