	[1][0][0][0]
[0][0]
	[3][1][1][0]
[97][0][0][0]
	[3][2][2][0]
[97][98][0][0]
	[5][3][3][0]
[97][98][99][0][0][0]
	[5][4][4][0]
[97][98][99][100][0][0]
	[5][4][3][1]
[97][98][99][0][100][0]
	[5][4][2][2]
[97][98][0][99][100][0]
	[7][5][3][2]
[97][98][120][0][0][99][100][0]
	[7][6][4][2]
[97][98][120][120][0][99][100][0]
	[9][7][5][2]
[97][98][120][120][120][0][0][99][100][0]
	[9][8][6][2]
[97][98][120][120][120][120][0][99][100][0]
	[11][9][7][2]
[97][98][120][120][120][120][120][0][0][99][100][0]
	[11][10][8][2]
[97][98][120][120][120][120][120][120][0][99][100][0]
	[13][11][9][2]
[97][98][120][120][120][120][120][120][120][0][0][99][100][0]
	[13][11][8][3]
[97][98][120][120][120][120][120][120][0][0][120][99][100][0]
	[13][11][7][4]
[97][98][120][120][120][120][120][0][0][120][120][99][100][0]
	[13][11][6][5]
[97][98][120][120][120][120][0][0][120][120][120][99][100][0]
	[13][11][5][6]
[97][98][120][120][120][0][0][120][120][120][120][99][100][0]
	[13][11][4][7]
[97][98][120][120][0][0][120][120][120][120][120][99][100][0]
	[13][11][3][8]
[97][98][120][0][0][120][120][120][120][120][120][99][100][0]
	[13][11][2][9]
[97][98][0][0][120][120][120][120][120][120][120][99][100][0]
	[13][11][1][10]
[97][0][0][98][120][120][120][120][120][120][120][99][100][0]
	[13][11][0][11]
[0][0][97][98][120][120][120][120][120][120][120][99][100][0]
	[13][11][0][11]
[0][0][97][98][120][120][120][120][120][120][120][99][100][0]
	[13][11][0][11]
[0][0][97][98][120][120][120][120][120][120][120][99][100][0]
	[13][11][0][11]
[0][0][97][98][120][120][120][120][120][120][120][99][100][0]
	[13][11][0][11]
[0][0][97][98][120][120][120][120][120][120][120][99][100][0]
	[13][11][0][11]
[0][0][97][98][120][120][120][120][120][120][120][99][100][0]
	[13][11][0][11]
[0][0][97][98][120][120][120][120][120][120][120][99][100][0]
	[13][11][0][11]
[0][0][97][98][120][120][120][120][120][120][120][99][100][0]
	[13][11][0][11]
[0][0][97][98][120][120][120][120][120][120][120][99][100][0]
	[13][11][0][11]
[0][0][97][98][120][120][120][120][120][120][120][99][100][0]
	[13][11][1][10]
[97][0][0][98][120][120][120][120][120][120][120][99][100][0]
	[13][11][2][9]
[97][98][0][0][120][120][120][120][120][120][120][99][100][0]
	[13][11][3][8]
[97][98][120][0][0][120][120][120][120][120][120][99][100][0]
	[13][11][4][7]
[97][98][120][120][0][0][120][120][120][120][120][99][100][0]
	[13][11][5][6]
[97][98][120][120][120][0][0][120][120][120][120][99][100][0]
	[13][11][6][5]
[97][98][120][120][120][120][0][0][120][120][120][99][100][0]
	[13][11][7][4]
[97][98][120][120][120][120][120][0][0][120][120][99][100][0]
	[13][11][8][3]
[97][98][120][120][120][120][120][120][0][0][120][99][100][0]
	[13][11][9][2]
[97][98][120][120][120][120][120][120][120][0][0][99][100][0]
	[13][11][10][1]
[97][98][120][120][120][120][120][120][120][99][0][0][100][0]
	[13][11][11][0]
[97][98][120][120][120][120][120][120][120][99][100][0][0][0]
	[13][11][11][0]
[97][98][120][120][120][120][120][120][120][99][100][0][0][0]
	[13][11][11][0]
[97][98][120][120][120][120][120][120][120][99][100][0][0][0]
	[13][11][11][0]
[97][98][120][120][120][120][120][120][120][99][100][0][0][0]
	[13][11][11][0]
[97][98][120][120][120][120][120][120][120][99][100][0][0][0]
	[13][11][11][0]
[97][98][120][120][120][120][120][120][120][99][100][0][0][0]
	[13][11][11][0]
[97][98][120][120][120][120][120][120][120][99][100][0][0][0]
	[13][11][11][0]
[97][98][120][120][120][120][120][120][120][99][100][0][0][0]
	[13][11][11][0]
[97][98][120][120][120][120][120][120][120][99][100][0][0][0]
	[13][11][11][0]
[97][98][120][120][120][120][120][120][120][99][100][0][0][0]
	[13][11][11][0]
[97][98][120][120][120][120][120][120][120][99][100][0][0][0]
	[13][11][11][0]
[97][98][120][120][120][120][120][120][120][99][100][0][0][0]
	[13][11][11][0]
[97][98][120][120][120][120][120][120][120][99][100][0][0][0]
	[13][11][11][0]
[97][98][120][120][120][120][120][120][120][99][100][0][0][0]
	[13][12][12][0]
[97][98][120][120][120][120][120][120][120][99][100][97][0][0]
	[15][13][13][0]
[97][98][120][120][120][120][120][120][120][99][100][97][97][0][0][0]
	[15][14][14][0]
[97][98][120][120][120][120][120][120][120][99][100][97][97][97][0][0]
	[17][15][15][0]
[97][98][120][120][120][120][120][120][120][99][100][97][97][97][97][0][0][0]
	[17][16][16][0]
[97][98][120][120][120][120][120][120][120][99][100][97][97][97][97][97][0][0]
	[19][17][17][0]
[97][98][120][120][120][120][120][120][120][99][100][97][97][97][97][97][97][0][0][0]
	[19][18][18][0]
[97][98][120][120][120][120][120][120][120][99][100][97][97][97][97][97][97][97][0][0]
	[21][19][19][0]
[97][98][120][120][120][120][120][120][120][99][100][97][97][97][97][97][97][97][97][0][0][0]
	[21][20][20][0]
[97][98][120][120][120][120][120][120][120][99][100][97][97][97][97][97][97][97][97][97][0][0]
	[23][21][21][0]
[97][98][120][120][120][120][120][120][120][99][100][97][97][97][97][97][97][97][97][97][97][0][0][0]
	[23][22][22][0]
[97][98][120][120][120][120][120][120][120][99][100][97][97][97][97][97][97][97][97][97][97][97][0][0]
	[25][23][23][0]
[97][98][120][120][120][120][120][120][120][99][100][97][97][97][97][97][97][97][97][97][97][97][97][0][0][0]
	[25][24][24][0]
[97][98][120][120][120][120][120][120][120][99][100][97][97][97][97][97][97][97][97][97][97][97][97][97][0][0]
	[27][25][25][0]
[97][98][120][120][120][120][120][120][120][99][100][97][97][97][97][97][97][97][97][97][97][97][97][97][97][0][0][0]
	[27][26][26][0]
[97][98][120][120][120][120][120][120][120][99][100][97][97][97][97][97][97][97][97][97][97][97][97][97][97][97][0][0]
	[29][27][27][0]
[97][98][120][120][120][120][120][120][120][99][100][97][97][97][97][97][97][97][97][97][97][97][97][97][97][97][97][0][0][0]
	[29][28][28][0]
[97][98][120][120][120][120][120][120][120][99][100][97][97][97][97][97][97][97][97][97][97][97][97][97][97][97][97][97][0][0]
	[31][29][29][0]
[97][98][120][120][120][120][120][120][120][99][100][97][97][97][97][97][97][97][97][97][97][97][97][97][97][97][97][97][97][0][0][0]
	[31][30][30][0]
[97][98][120][120][120][120][120][120][120][99][100][97][97][97][97][97][97][97][97][97][97][97][97][97][97][97][97][97][97][97][0][0]
	[33][31][31][0]
[97][98][120][120][120][120][120][120][120][99][100][97][97][97][97][97][97][97][97][97][97][97][97][97][97][97][97][97][97][97][97][0][0][0]
	[33][32][32][0]
[97][98][120][120][120][120][120][120][120][99][100][97][97][97][97][97][97][97][97][97][97][97][97][97][97][97][97][97][97][97][97][97][0][0]
	[35][33][33][0]
[97][98][120][120][120][120][120][120][120][99][100][97][97][97][97][97][97][97][97][97][97][97][97][97][97][97][97][97][97][97][97][97][97][0][0][0]
	[35][34][34][0]
[97][98][120][120][120][120][120][120][120][99][100][97][97][97][97][97][97][97][97][97][97][97][97][97][97][97][97][97][97][97][97][97][97][97][0][0]
	[37][35][35][0]
[97][98][120][120][120][120][120][120][120][99][100][97][97][97][97][97][97][97][97][97][97][97][97][97][97][97][97][97][97][97][97][97][97][97][97][0][0][0]
	[37][36][36][0]
[97][98][120][120][120][120][120][120][120][99][100][97][97][97][97][97][97][97][97][97][97][97][97][97][97][97][97][97][97][97][97][97][97][97][97][97][0][0]
	[39][37][37][0]
[97][98][120][120][120][120][120][120][120][99][100][97][97][97][97][97][97][97][97][97][97][97][97][97][97][97][97][97][97][97][97][97][97][97][97][97][97][0][0][0]
	[39][38][38][0]
[97][98][120][120][120][120][120][120][120][99][100][97][97][97][97][97][97][97][97][97][97][97][97][97][97][97][97][97][97][97][97][97][97][97][97][97][97][97][0][0]
	[41][39][39][0]
[97][98][120][120][120][120][120][120][120][99][100][97][97][97][97][97][97][97][97][97][97][97][97][97][97][97][97][97][97][97][97][97][97][97][97][97][97][97][97][0][0][0]
	[41][40][40][0]
[97][98][120][120][120][120][120][120][120][99][100][97][97][97][97][97][97][97][97][97][97][97][97][97][97][97][97][97][97][97][97][97][97][97][97][97][97][97][97][97][0][0]
	[43][41][41][0]
[97][98][120][120][120][120][120][120][120][99][100][97][97][97][97][97][97][97][97][97][97][97][97][97][97][97][97][97][97][97][97][97][97][97][97][97][97][97][97][97][97][0][0][0]
	[43][42][42][0]
[97][98][120][120][120][120][120][120][120][99][100][97][97][97][97][97][97][97][97][97][97][97][97][97][97][97][97][97][97][97][97][97][97][97][97][97][97][97][97][97][97][122][0][0]
	[45][43][43][0]
[97][98][120][120][120][120][120][120][120][99][100][97][97][97][97][97][97][97][97][97][97][97][97][97][97][97][97][97][97][97][97][97][97][97][97][97][97][97][97][97][97][122][122][0][0][0]
	[45][44][44][0]
[97][98][120][120][120][120][120][120][120][99][100][97][97][97][97][97][97][97][97][97][97][97][97][97][97][97][97][97][97][97][97][97][97][97][97][97][97][97][97][97][97][122][122][122][0][0]
	[47][45][45][0]
[97][98][120][120][120][120][120][120][120][99][100][97][97][97][97][97][97][97][97][97][97][97][97][97][97][97][97][97][97][97][97][97][97][97][97][97][97][97][97][97][97][122][122][122][122][0][0][0]
	[47][46][46][0]
[97][98][120][120][120][120][120][120][120][99][100][97][97][97][97][97][97][97][97][97][97][97][97][97][97][97][97][97][97][97][97][97][97][97][97][97][97][97][97][97][97][122][122][122][122][122][0][0]
	[49][47][47][0]
[97][98][120][120][120][120][120][120][120][99][100][97][97][97][97][97][97][97][97][97][97][97][97][97][97][97][97][97][97][97][97][97][97][97][97][97][97][97][97][97][97][122][122][122][122][122][122][0][0][0]
	[49][48][48][0]
[97][98][120][120][120][120][120][120][120][99][100][97][97][97][97][97][97][97][97][97][97][97][97][97][97][97][97][97][97][97][97][97][97][97][97][97][97][97][97][97][97][122][122][122][122][122][122][122][0][0]
	[51][49][49][0]
[97][98][120][120][120][120][120][120][120][99][100][97][97][97][97][97][97][97][97][97][97][97][97][97][97][97][97][97][97][97][97][97][97][97][97][97][97][97][97][97][97][122][122][122][122][122][122][122][122][0][0][0]
	[51][50][50][0]
[97][98][120][120][120][120][120][120][120][99][100][97][97][97][97][97][97][97][97][97][97][97][97][97][97][97][97][97][97][97][97][97][97][97][97][97][97][97][97][97][97][122][122][122][122][122][122][122][122][122][0][0]
	[53][51][51][0]
[97][98][120][120][120][120][120][120][120][99][100][97][97][97][97][97][97][97][97][97][97][97][97][97][97][97][97][97][97][97][97][97][97][97][97][97][97][97][97][97][97][122][122][122][122][122][122][122][122][122][122][0][0][0]
	[53][52][52][0]
[97][98][120][120][120][120][120][120][120][99][100][97][97][97][97][97][97][97][97][97][97][97][97][97][97][97][97][97][97][97][97][97][97][97][97][97][97][97][97][97][97][122][122][122][122][122][122][122][122][122][122][122][0][0]
	[55][53][53][0]
[97][98][120][120][120][120][120][120][120][99][100][97][97][97][97][97][97][97][97][97][97][97][97][97][97][97][97][97][97][97][97][97][97][97][97][97][97][97][97][97][97][122][122][122][122][122][122][122][122][122][122][122][122][0][0][0]
	[55][54][54][0]
[97][98][120][120][120][120][120][120][120][99][100][97][97][97][97][97][97][97][97][97][97][97][97][97][97][97][97][97][97][97][97][97][97][97][97][97][97][97][97][97][97][122][122][122][122][122][122][122][122][122][122][122][122][122][0][0]
	[57][55][55][0]
[97][98][120][120][120][120][120][120][120][99][100][97][97][97][97][97][97][97][97][97][97][97][97][97][97][97][97][97][97][97][97][97][97][97][97][97][97][97][97][97][97][122][122][122][122][122][122][122][122][122][122][122][122][122][122][0][0][0]
	[57][56][56][0]
[97][98][120][120][120][120][120][120][120][99][100][97][97][97][97][97][97][97][97][97][97][97][97][97][97][97][97][97][97][97][97][97][97][97][97][97][97][97][97][97][97][122][122][122][122][122][122][122][122][122][122][122][122][122][122][122][0][0]
	[59][57][57][0]
[97][98][120][120][120][120][120][120][120][99][100][97][97][97][97][97][97][97][97][97][97][97][97][97][97][97][97][97][97][97][97][97][97][97][97][97][97][97][97][97][97][122][122][122][122][122][122][122][122][122][122][122][122][122][122][122][122][0][0][0]
	[59][58][58][0]
[97][98][120][120][120][120][120][120][120][99][100][97][97][97][97][97][97][97][97][97][97][97][97][97][97][97][97][97][97][97][97][97][97][97][97][97][97][97][97][97][97][122][122][122][122][122][122][122][122][122][122][122][122][122][122][122][122][122][0][0]
	[61][59][59][0]
[97][98][120][120][120][120][120][120][120][99][100][97][97][97][97][97][97][97][97][97][97][97][97][97][97][97][97][97][97][97][97][97][97][97][97][97][97][97][97][97][97][122][122][122][122][122][122][122][122][122][122][122][122][122][122][122][122][122][122][0][0][0]
	[61][60][60][0]
[97][98][120][120][120][120][120][120][120][99][100][97][97][97][97][97][97][97][97][97][97][97][97][97][97][97][97][97][97][97][97][97][97][97][97][97][97][97][97][97][97][122][122][122][122][122][122][122][122][122][122][122][122][122][122][122][122][122][122][122][0][0]
	[63][61][61][0]
[97][98][120][120][120][120][120][120][120][99][100][97][97][97][97][97][97][97][97][97][97][97][97][97][97][97][97][97][97][97][97][97][97][97][97][97][97][97][97][97][97][122][122][122][122][122][122][122][122][122][122][122][122][122][122][122][122][122][122][122][122][0][0][0]
	[63][62][62][0]
[97][98][120][120][120][120][120][120][120][99][100][97][97][97][97][97][97][97][97][97][97][97][97][97][97][97][97][97][97][97][97][97][97][97][97][97][97][97][97][97][97][122][122][122][122][122][122][122][122][122][122][122][122][122][122][122][122][122][122][122][122][122][0][0]
	[65][63][63][0]
[97][98][120][120][120][120][120][120][120][99][100][97][97][97][97][97][97][97][97][97][97][97][97][97][97][97][97][97][97][97][97][97][97][97][97][97][97][97][97][97][97][122][122][122][122][122][122][122][122][122][122][122][122][122][122][122][122][122][122][122][122][122][122][0][0][0]
	[65][64][64][0]
[97][98][120][120][120][120][120][120][120][99][100][97][97][97][97][97][97][97][97][97][97][97][97][97][97][97][97][97][97][97][97][97][97][97][97][97][97][97][97][97][97][122][122][122][122][122][122][122][122][122][122][122][122][122][122][122][122][122][122][122][122][122][122][122][0][0]
	[67][65][65][0]
[97][98][120][120][120][120][120][120][120][99][100][97][97][97][97][97][97][97][97][97][97][97][97][97][97][97][97][97][97][97][97][97][97][97][97][97][97][97][97][97][97][122][122][122][122][122][122][122][122][122][122][122][122][122][122][122][122][122][122][122][122][122][122][122][122][0][0][0]
	[67][66][66][0]
[97][98][120][120][120][120][120][120][120][99][100][97][97][97][97][97][97][97][97][97][97][97][97][97][97][97][97][97][97][97][97][97][97][97][97][97][97][97][97][97][97][122][122][122][122][122][122][122][122][122][122][122][122][122][122][122][122][122][122][122][122][122][122][122][122][122][0][0]
	[69][67][67][0]
[97][98][120][120][120][120][120][120][120][99][100][97][97][97][97][97][97][97][97][97][97][97][97][97][97][97][97][97][97][97][97][97][97][97][97][97][97][97][97][97][97][122][122][122][122][122][122][122][122][122][122][122][122][122][122][122][122][122][122][122][122][122][122][122][122][122][122][0][0][0]
	[69][68][68][0]
[97][98][120][120][120][120][120][120][120][99][100][97][97][97][97][97][97][97][97][97][97][97][97][97][97][97][97][97][97][97][97][97][97][97][97][97][97][97][97][97][97][122][122][122][122][122][122][122][122][122][122][122][122][122][122][122][122][122][122][122][122][122][122][122][122][122][122][122][0][0]
	[71][69][69][0]
[97][98][120][120][120][120][120][120][120][99][100][97][97][97][97][97][97][97][97][97][97][97][97][97][97][97][97][97][97][97][97][97][97][97][97][97][97][97][97][97][97][122][122][122][122][122][122][122][122][122][122][122][122][122][122][122][122][122][122][122][122][122][122][122][122][122][122][122][122][0][0][0]
	[71][70][70][0]
[97][98][120][120][120][120][120][120][120][99][100][97][97][97][97][97][97][97][97][97][97][97][97][97][97][97][97][97][97][97][97][97][97][97][97][97][97][97][97][97][97][122][122][122][122][122][122][122][122][122][122][122][122][122][122][122][122][122][122][122][122][122][122][122][122][122][122][122][122][122][0][0]
	[73][71][71][0]
[97][98][120][120][120][120][120][120][120][99][100][97][97][97][97][97][97][97][97][97][97][97][97][97][97][97][97][97][97][97][97][97][97][97][97][97][97][97][97][97][97][122][122][122][122][122][122][122][122][122][122][122][122][122][122][122][122][122][122][122][122][122][122][122][122][122][122][122][122][122][122][0][0][0]
	[73][72][72][0]
[97][98][120][120][120][120][120][120][120][99][100][97][97][97][97][97][97][97][97][97][97][97][97][97][97][97][97][97][97][97][97][97][97][97][97][97][97][97][97][97][97][122][122][122][122][122][122][122][122][122][122][122][122][122][122][122][122][122][122][122][122][122][122][122][122][122][122][122][122][122][122][122][0][0]
	[75][73][73][0]
[97][98][120][120][120][120][120][120][120][99][100][97][97][97][97][97][97][97][97][97][97][97][97][97][97][97][97][97][97][97][97][97][97][97][97][97][97][97][97][97][97][122][122][122][122][122][122][122][122][122][122][122][122][122][122][122][122][122][122][122][122][122][122][122][122][122][122][122][122][122][122][122][122][0][0][0]
	[75][74][74][0]
[97][98][120][120][120][120][120][120][120][99][100][97][97][97][97][97][97][97][97][97][97][97][97][97][97][97][97][97][97][97][97][97][97][97][97][97][97][97][97][97][97][122][122][122][122][122][122][122][122][122][122][122][122][122][122][122][122][122][122][122][122][122][122][122][122][122][122][122][122][122][122][122][122][122][0][0]
	[77][75][75][0]
[97][98][120][120][120][120][120][120][120][99][100][97][97][97][97][97][97][97][97][97][97][97][97][97][97][97][97][97][97][97][97][97][97][97][97][97][97][97][97][97][97][122][122][122][122][122][122][122][122][122][122][122][122][122][122][122][122][122][122][122][122][122][122][122][122][122][122][122][122][122][122][122][122][122][122][0][0][0]
	[77][76][76][0]
[97][98][120][120][120][120][120][120][120][99][100][97][97][97][97][97][97][97][97][97][97][97][97][97][97][97][97][97][97][97][97][97][97][97][97][97][97][97][97][97][97][122][122][122][122][122][122][122][122][122][122][122][122][122][122][122][122][122][122][122][122][122][122][122][122][122][122][122][122][122][122][122][122][122][122][122][0][0]
	[79][77][77][0]
[97][98][120][120][120][120][120][120][120][99][100][97][97][97][97][97][97][97][97][97][97][97][97][97][97][97][97][97][97][97][97][97][97][97][97][97][97][97][97][97][97][122][122][122][122][122][122][122][122][122][122][122][122][122][122][122][122][122][122][122][122][122][122][122][122][122][122][122][122][122][122][122][122][122][122][122][122][0][0][0]
	[79][78][78][0]
[97][98][120][120][120][120][120][120][120][99][100][97][97][97][97][97][97][97][97][97][97][97][97][97][97][97][97][97][97][97][97][97][97][97][97][97][97][97][97][97][97][122][122][122][122][122][122][122][122][122][122][122][122][122][122][122][122][122][122][122][122][122][122][122][122][122][122][122][122][122][122][122][122][122][122][122][122][122][0][0]
	[81][79][79][0]
[97][98][120][120][120][120][120][120][120][99][100][97][97][97][97][97][97][97][97][97][97][97][97][97][97][97][97][97][97][97][97][97][97][97][97][97][97][97][97][97][97][122][122][122][122][122][122][122][122][122][122][122][122][122][122][122][122][122][122][122][122][122][122][122][122][122][122][122][122][122][122][122][122][122][122][122][122][122][112][0][0][0]
	[81][80][80][0]
[97][98][120][120][120][120][120][120][120][99][100][97][97][97][97][97][97][97][97][97][97][97][97][97][97][97][97][97][97][97][97][97][97][97][97][97][97][97][97][97][97][122][122][122][122][122][122][122][122][122][122][122][122][122][122][122][122][122][122][122][122][122][122][122][122][122][122][122][122][122][122][122][122][122][122][122][122][122][112][112][0][0]
	[83][81][81][0]
[97][98][120][120][120][120][120][120][120][99][100][97][97][97][97][97][97][97][97][97][97][97][97][97][97][97][97][97][97][97][97][97][97][97][97][97][97][97][97][97][97][122][122][122][122][122][122][122][122][122][122][122][122][122][122][122][122][122][122][122][122][122][122][122][122][122][122][122][122][122][122][122][122][122][122][122][122][122][112][112][112][0][0][0]
	[83][82][82][0]
[97][98][120][120][120][120][120][120][120][99][100][97][97][97][97][97][97][97][97][97][97][97][97][97][97][97][97][97][97][97][97][97][97][97][97][97][97][97][97][97][97][122][122][122][122][122][122][122][122][122][122][122][122][122][122][122][122][122][122][122][122][122][122][122][122][122][122][122][122][122][122][122][122][122][122][122][122][122][112][112][112][112][0][0]
	[85][83][83][0]
[97][98][120][120][120][120][120][120][120][99][100][97][97][97][97][97][97][97][97][97][97][97][97][97][97][97][97][97][97][97][97][97][97][97][97][97][97][97][97][97][97][122][122][122][122][122][122][122][122][122][122][122][122][122][122][122][122][122][122][122][122][122][122][122][122][122][122][122][122][122][122][122][122][122][122][122][122][122][112][112][112][112][112][0][0][0]
	[85][84][84][0]
[97][98][120][120][120][120][120][120][120][99][100][97][97][97][97][97][97][97][97][97][97][97][97][97][97][97][97][97][97][97][97][97][97][97][97][97][97][97][97][97][97][122][122][122][122][122][122][122][122][122][122][122][122][122][122][122][122][122][122][122][122][122][122][122][122][122][122][122][122][122][122][122][122][122][122][122][122][122][112][112][112][112][112][112][0][0]
	[87][85][85][0]
[97][98][120][120][120][120][120][120][120][99][100][97][97][97][97][97][97][97][97][97][97][97][97][97][97][97][97][97][97][97][97][97][97][97][97][97][97][97][97][97][97][122][122][122][122][122][122][122][122][122][122][122][122][122][122][122][122][122][122][122][122][122][122][122][122][122][122][122][122][122][122][122][122][122][122][122][122][122][112][112][112][112][112][112][112][0][0][0]
	[87][86][86][0]
[97][98][120][120][120][120][120][120][120][99][100][97][97][97][97][97][97][97][97][97][97][97][97][97][97][97][97][97][97][97][97][97][97][97][97][97][97][97][97][97][97][122][122][122][122][122][122][122][122][122][122][122][122][122][122][122][122][122][122][122][122][122][122][122][122][122][122][122][122][122][122][122][122][122][122][122][122][122][112][112][112][112][112][112][112][112][0][0]
	[89][87][87][0]
[97][98][120][120][120][120][120][120][120][99][100][97][97][97][97][97][97][97][97][97][97][97][97][97][97][97][97][97][97][97][97][97][97][97][97][97][97][97][97][97][97][122][122][122][122][122][122][122][122][122][122][122][122][122][122][122][122][122][122][122][122][122][122][122][122][122][122][122][122][122][122][122][122][122][122][122][122][122][112][112][112][112][112][112][112][112][112][0][0][0]
	[89][88][88][0]
[97][98][120][120][120][120][120][120][120][99][100][97][97][97][97][97][97][97][97][97][97][97][97][97][97][97][97][97][97][97][97][97][97][97][97][97][97][97][97][97][97][122][122][122][122][122][122][122][122][122][122][122][122][122][122][122][122][122][122][122][122][122][122][122][122][122][122][122][122][122][122][122][122][122][122][122][122][122][112][112][112][112][112][112][112][112][112][112][0][0]
	[91][89][89][0]
[97][98][120][120][120][120][120][120][120][99][100][97][97][97][97][97][97][97][97][97][97][97][97][97][97][97][97][97][97][97][97][97][97][97][97][97][97][97][97][97][97][122][122][122][122][122][122][122][122][122][122][122][122][122][122][122][122][122][122][122][122][122][122][122][122][122][122][122][122][122][122][122][122][122][122][122][122][122][112][112][112][112][112][112][112][112][112][112][112][0][0][0]
	[91][90][90][0]
[97][98][120][120][120][120][120][120][120][99][100][97][97][97][97][97][97][97][97][97][97][97][97][97][97][97][97][97][97][97][97][97][97][97][97][97][97][97][97][97][97][122][122][122][122][122][122][122][122][122][122][122][122][122][122][122][122][122][122][122][122][122][122][122][122][122][122][122][122][122][122][122][122][122][122][122][122][122][112][112][112][112][112][112][112][112][112][112][112][112][0][0]
	[93][91][91][0]
[97][98][120][120][120][120][120][120][120][99][100][97][97][97][97][97][97][97][97][97][97][97][97][97][97][97][97][97][97][97][97][97][97][97][97][97][97][97][97][97][97][122][122][122][122][122][122][122][122][122][122][122][122][122][122][122][122][122][122][122][122][122][122][122][122][122][122][122][122][122][122][122][122][122][122][122][122][122][112][112][112][112][112][112][112][112][112][112][112][112][112][0][0][0]
	[93][92][92][0]
[97][98][120][120][120][120][120][120][120][99][100][97][97][97][97][97][97][97][97][97][97][97][97][97][97][97][97][97][97][97][97][97][97][97][97][97][97][97][97][97][97][122][122][122][122][122][122][122][122][122][122][122][122][122][122][122][122][122][122][122][122][122][122][122][122][122][122][122][122][122][122][122][122][122][122][122][122][122][112][112][112][112][112][112][112][112][112][112][112][112][112][112][0][0]
	[95][93][93][0]
[97][98][120][120][120][120][120][120][120][99][100][97][97][97][97][97][97][97][97][97][97][97][97][97][97][97][97][97][97][97][97][97][97][97][97][97][97][97][97][97][97][122][122][122][122][122][122][122][122][122][122][122][122][122][122][122][122][122][122][122][122][122][122][122][122][122][122][122][122][122][122][122][122][122][122][122][122][122][112][112][112][112][112][112][112][112][112][112][112][112][112][112][112][0][0][0]
	[95][94][94][0]
[97][98][120][120][120][120][120][120][120][99][100][97][97][97][97][97][97][97][97][97][97][97][97][97][97][97][97][97][97][97][97][97][97][97][97][97][97][97][97][97][97][122][122][122][122][122][122][122][122][122][122][122][122][122][122][122][122][122][122][122][122][122][122][122][122][122][122][122][122][122][122][122][122][122][122][122][122][122][112][112][112][112][112][112][112][112][112][112][112][112][112][112][112][112][0][0]
	[97][95][95][0]
[97][98][120][120][120][120][120][120][120][99][100][97][97][97][97][97][97][97][97][97][97][97][97][97][97][97][97][97][97][97][97][97][97][97][97][97][97][97][97][97][97][122][122][122][122][122][122][122][122][122][122][122][122][122][122][122][122][122][122][122][122][122][122][122][122][122][122][122][122][122][122][122][122][122][122][122][122][122][112][112][112][112][112][112][112][112][112][112][112][112][112][112][112][112][112][0][0][0]
	[97][96][96][0]
[97][98][120][120][120][120][120][120][120][99][100][97][97][97][97][97][97][97][97][97][97][97][97][97][97][97][97][97][97][97][97][97][97][97][97][97][97][97][97][97][97][122][122][122][122][122][122][122][122][122][122][122][122][122][122][122][122][122][122][122][122][122][122][122][122][122][122][122][122][122][122][122][122][122][122][122][122][122][112][112][112][112][112][112][112][112][112][112][112][112][112][112][112][112][112][112][0][0]
	[99][97][97][0]
[97][98][120][120][120][120][120][120][120][99][100][97][97][97][97][97][97][97][97][97][97][97][97][97][97][97][97][97][97][97][97][97][97][97][97][97][97][97][97][97][97][122][122][122][122][122][122][122][122][122][122][122][122][122][122][122][122][122][122][122][122][122][122][122][122][122][122][122][122][122][122][122][122][122][122][122][122][122][112][112][112][112][112][112][112][112][112][112][112][112][112][112][112][112][112][112][112][0][0][0]
	[99][98][98][0]
[97][98][120][120][120][120][120][120][120][99][100][97][97][97][97][97][97][97][97][97][97][97][97][97][97][97][97][97][97][97][97][97][97][97][97][97][97][97][97][97][97][122][122][122][122][122][122][122][122][122][122][122][122][122][122][122][122][122][122][122][122][122][122][122][122][122][122][122][122][122][122][122][122][122][122][122][122][122][112][112][112][112][112][112][112][112][112][112][112][112][112][112][112][112][112][112][112][112][0][0]
	[101][99][99][0]
[97][98][120][120][120][120][120][120][120][99][100][97][97][97][97][97][97][97][97][97][97][97][97][97][97][97][97][97][97][97][97][97][97][97][97][97][97][97][97][97][97][122][122][122][122][122][122][122][122][122][122][122][122][122][122][122][122][122][122][122][122][122][122][122][122][122][122][122][122][122][122][122][122][122][122][122][122][122][112][112][112][112][112][112][112][112][112][112][112][112][112][112][112][112][112][112][112][112][112][0][0][0]
	[101][100][100][0]
[97][98][120][120][120][120][120][120][120][99][100][97][97][97][97][97][97][97][97][97][97][97][97][97][97][97][97][97][97][97][97][97][97][97][97][97][97][97][97][97][97][122][122][122][122][122][122][122][122][122][122][122][122][122][122][122][122][122][122][122][122][122][122][122][122][122][122][122][122][122][122][122][122][122][122][122][122][122][112][112][112][112][112][112][112][112][112][112][112][112][112][112][112][112][112][112][112][112][112][112][0][0]
	[103][101][101][0]
[97][98][120][120][120][120][120][120][120][99][100][97][97][97][97][97][97][97][97][97][97][97][97][97][97][97][97][97][97][97][97][97][97][97][97][97][97][97][97][97][97][122][122][122][122][122][122][122][122][122][122][122][122][122][122][122][122][122][122][122][122][122][122][122][122][122][122][122][122][122][122][122][122][122][122][122][122][122][112][112][112][112][112][112][112][112][112][112][112][112][112][112][112][112][112][112][112][112][112][112][112][0][0][0]
	[103][102][102][0]
[97][98][120][120][120][120][120][120][120][99][100][97][97][97][97][97][97][97][97][97][97][97][97][97][97][97][97][97][97][97][97][97][97][97][97][97][97][97][97][97][97][122][122][122][122][122][122][122][122][122][122][122][122][122][122][122][122][122][122][122][122][122][122][122][122][122][122][122][122][122][122][122][122][122][122][122][122][122][112][112][112][112][112][112][112][112][112][112][112][112][112][112][112][112][112][112][112][112][112][112][112][112][0][0]
	[105][103][103][0]
[97][98][120][120][120][120][120][120][120][99][100][97][97][97][97][97][97][97][97][97][97][97][97][97][97][97][97][97][97][97][97][97][97][97][97][97][97][97][97][97][97][122][122][122][122][122][122][122][122][122][122][122][122][122][122][122][122][122][122][122][122][122][122][122][122][122][122][122][122][122][122][122][122][122][122][122][122][122][112][112][112][112][112][112][112][112][112][112][112][112][112][112][112][112][112][112][112][112][112][112][112][112][112][0][0][0]
	[105][104][104][0]
[97][98][120][120][120][120][120][120][120][99][100][97][97][97][97][97][97][97][97][97][97][97][97][97][97][97][97][97][97][97][97][97][97][97][97][97][97][97][97][97][97][122][122][122][122][122][122][122][122][122][122][122][122][122][122][122][122][122][122][122][122][122][122][122][122][122][122][122][122][122][122][122][122][122][122][122][122][122][112][112][112][112][112][112][112][112][112][112][112][112][112][112][112][112][112][112][112][112][112][112][112][112][112][112][0][0]
	[107][105][105][0]
[97][98][120][120][120][120][120][120][120][99][100][97][97][97][97][97][97][97][97][97][97][97][97][97][97][97][97][97][97][97][97][97][97][97][97][97][97][97][97][97][97][122][122][122][122][122][122][122][122][122][122][122][122][122][122][122][122][122][122][122][122][122][122][122][122][122][122][122][122][122][122][122][122][122][122][122][122][122][112][112][112][112][112][112][112][112][112][112][112][112][112][112][112][112][112][112][112][112][112][112][112][112][112][112][112][0][0][0]
	[107][106][106][0]
[97][98][120][120][120][120][120][120][120][99][100][97][97][97][97][97][97][97][97][97][97][97][97][97][97][97][97][97][97][97][97][97][97][97][97][97][97][97][97][97][97][122][122][122][122][122][122][122][122][122][122][122][122][122][122][122][122][122][122][122][122][122][122][122][122][122][122][122][122][122][122][122][122][122][122][122][122][122][112][112][112][112][112][112][112][112][112][112][112][112][112][112][112][112][112][112][112][112][112][112][112][112][112][112][112][112][0][0]
	[109][107][107][0]
[97][98][120][120][120][120][120][120][120][99][100][97][97][97][97][97][97][97][97][97][97][97][97][97][97][97][97][97][97][97][97][97][97][97][97][97][97][97][97][97][97][122][122][122][122][122][122][122][122][122][122][122][122][122][122][122][122][122][122][122][122][122][122][122][122][122][122][122][122][122][122][122][122][122][122][122][122][122][112][112][112][112][112][112][112][112][112][112][112][112][112][112][112][112][112][112][112][112][112][112][112][112][112][112][112][112][112][0][0][0]
	[109][108][108][0]
[97][98][120][120][120][120][120][120][120][99][100][97][97][97][97][97][97][97][97][97][97][97][97][97][97][97][97][97][97][97][97][97][97][97][97][97][97][97][97][97][97][122][122][122][122][122][122][122][122][122][122][122][122][122][122][122][122][122][122][122][122][122][122][122][122][122][122][122][122][122][122][122][122][122][122][122][122][122][112][112][112][112][112][112][112][112][112][112][112][112][112][112][112][112][112][112][112][112][112][112][112][112][112][112][112][112][112][112][0][0]
	[111][109][109][0]
[97][98][120][120][120][120][120][120][120][99][100][97][97][97][97][97][97][97][97][97][97][97][97][97][97][97][97][97][97][97][97][97][97][97][97][97][97][97][97][97][97][122][122][122][122][122][122][122][122][122][122][122][122][122][122][122][122][122][122][122][122][122][122][122][122][122][122][122][122][122][122][122][122][122][122][122][122][122][112][112][112][112][112][112][112][112][112][112][112][112][112][112][112][112][112][112][112][112][112][112][112][112][112][112][112][112][112][112][112][0][0][0]
	[111][110][110][0]
[97][98][120][120][120][120][120][120][120][99][100][97][97][97][97][97][97][97][97][97][97][97][97][97][97][97][97][97][97][97][97][97][97][97][97][97][97][97][97][97][97][122][122][122][122][122][122][122][122][122][122][122][122][122][122][122][122][122][122][122][122][122][122][122][122][122][122][122][122][122][122][122][122][122][122][122][122][122][112][112][112][112][112][112][112][112][112][112][112][112][112][112][112][112][112][112][112][112][112][112][112][112][112][112][112][112][112][112][112][112][0][0]
	[113][111][111][0]
[97][98][120][120][120][120][120][120][120][99][100][97][97][97][97][97][97][97][97][97][97][97][97][97][97][97][97][97][97][97][97][97][97][97][97][97][97][97][97][97][97][122][122][122][122][122][122][122][122][122][122][122][122][122][122][122][122][122][122][122][122][122][122][122][122][122][122][122][122][122][122][122][122][122][122][122][122][122][112][112][112][112][112][112][112][112][112][112][112][112][112][112][112][112][112][112][112][112][112][112][112][112][112][112][112][112][112][112][112][112][112][0][0][0]
	[113][112][112][0]
[97][98][120][120][120][120][120][120][120][99][100][97][97][97][97][97][97][97][97][97][97][97][97][97][97][97][97][97][97][97][97][97][97][97][97][97][97][97][97][97][97][122][122][122][122][122][122][122][122][122][122][122][122][122][122][122][122][122][122][122][122][122][122][122][122][122][122][122][122][122][122][122][122][122][122][122][122][122][112][112][112][112][112][112][112][112][112][112][112][112][112][112][112][112][112][112][112][112][112][112][112][112][112][112][112][112][112][112][112][112][112][112][0][0]
	[115][113][113][0]
[97][98][120][120][120][120][120][120][120][99][100][97][97][97][97][97][97][97][97][97][97][97][97][97][97][97][97][97][97][97][97][97][97][97][97][97][97][97][97][97][97][122][122][122][122][122][122][122][122][122][122][122][122][122][122][122][122][122][122][122][122][122][122][122][122][122][122][122][122][122][122][122][122][122][122][122][122][122][112][112][112][112][112][112][112][112][112][112][112][112][112][112][112][112][112][112][112][112][112][112][112][112][112][112][112][112][112][112][112][112][112][112][112][0][0][0]
	[115][114][114][0]
[97][98][120][120][120][120][120][120][120][99][100][97][97][97][97][97][97][97][97][97][97][97][97][97][97][97][97][97][97][97][97][97][97][97][97][97][97][97][97][97][97][122][122][122][122][122][122][122][122][122][122][122][122][122][122][122][122][122][122][122][122][122][122][122][122][122][122][122][122][122][122][122][122][122][122][122][122][122][112][112][112][112][112][112][112][112][112][112][112][112][112][112][112][112][112][112][112][112][112][112][112][112][112][112][112][112][112][112][112][112][112][112][112][111][0][0]
	[117][115][115][0]
[97][98][120][120][120][120][120][120][120][99][100][97][97][97][97][97][97][97][97][97][97][97][97][97][97][97][97][97][97][97][97][97][97][97][97][97][97][97][97][97][97][122][122][122][122][122][122][122][122][122][122][122][122][122][122][122][122][122][122][122][122][122][122][122][122][122][122][122][122][122][122][122][122][122][122][122][122][122][112][112][112][112][112][112][112][112][112][112][112][112][112][112][112][112][112][112][112][112][112][112][112][112][112][112][112][112][112][112][112][112][112][112][112][111][111][0][0][0]
	[117][116][116][0]
[97][98][120][120][120][120][120][120][120][99][100][97][97][97][97][97][97][97][97][97][97][97][97][97][97][97][97][97][97][97][97][97][97][97][97][97][97][97][97][97][97][122][122][122][122][122][122][122][122][122][122][122][122][122][122][122][122][122][122][122][122][122][122][122][122][122][122][122][122][122][122][122][122][122][122][122][122][122][112][112][112][112][112][112][112][112][112][112][112][112][112][112][112][112][112][112][112][112][112][112][112][112][112][112][112][112][112][112][112][112][112][112][112][111][111][111][0][0]
	[119][117][117][0]
[97][98][120][120][120][120][120][120][120][99][100][97][97][97][97][97][97][97][97][97][97][97][97][97][97][97][97][97][97][97][97][97][97][97][97][97][97][97][97][97][97][122][122][122][122][122][122][122][122][122][122][122][122][122][122][122][122][122][122][122][122][122][122][122][122][122][122][122][122][122][122][122][122][122][122][122][122][122][112][112][112][112][112][112][112][112][112][112][112][112][112][112][112][112][112][112][112][112][112][112][112][112][112][112][112][112][112][112][112][112][112][112][112][111][111][111][111][0][0][0]
	[119][118][118][0]
[97][98][120][120][120][120][120][120][120][99][100][97][97][97][97][97][97][97][97][97][97][97][97][97][97][97][97][97][97][97][97][97][97][97][97][97][97][97][97][97][97][122][122][122][122][122][122][122][122][122][122][122][122][122][122][122][122][122][122][122][122][122][122][122][122][122][122][122][122][122][122][122][122][122][122][122][122][122][112][112][112][112][112][112][112][112][112][112][112][112][112][112][112][112][112][112][112][112][112][112][112][112][112][112][112][112][112][112][112][112][112][112][112][111][111][111][111][111][0][0]
	[121][119][119][0]
[97][98][120][120][120][120][120][120][120][99][100][97][97][97][97][97][97][97][97][97][97][97][97][97][97][97][97][97][97][97][97][97][97][97][97][97][97][97][97][97][97][122][122][122][122][122][122][122][122][122][122][122][122][122][122][122][122][122][122][122][122][122][122][122][122][122][122][122][122][122][122][122][122][122][122][122][122][122][112][112][112][112][112][112][112][112][112][112][112][112][112][112][112][112][112][112][112][112][112][112][112][112][112][112][112][112][112][112][112][112][112][112][112][111][111][111][111][111][111][0][0][0]
	[121][120][120][0]
[97][98][120][120][120][120][120][120][120][99][100][97][97][97][97][97][97][97][97][97][97][97][97][97][97][97][97][97][97][97][97][97][97][97][97][97][97][97][97][97][97][122][122][122][122][122][122][122][122][122][122][122][122][122][122][122][122][122][122][122][122][122][122][122][122][122][122][122][122][122][122][122][122][122][122][122][122][122][112][112][112][112][112][112][112][112][112][112][112][112][112][112][112][112][112][112][112][112][112][112][112][112][112][112][112][112][112][112][112][112][112][112][112][111][111][111][111][111][111][111][0][0]
	[123][121][121][0]
[97][98][120][120][120][120][120][120][120][99][100][97][97][97][97][97][97][97][97][97][97][97][97][97][97][97][97][97][97][97][97][97][97][97][97][97][97][97][97][97][97][122][122][122][122][122][122][122][122][122][122][122][122][122][122][122][122][122][122][122][122][122][122][122][122][122][122][122][122][122][122][122][122][122][122][122][122][122][112][112][112][112][112][112][112][112][112][112][112][112][112][112][112][112][112][112][112][112][112][112][112][112][112][112][112][112][112][112][112][112][112][112][112][111][111][111][111][111][111][111][111][0][0][0]
	[123][122][122][0]
[97][98][120][120][120][120][120][120][120][99][100][97][97][97][97][97][97][97][97][97][97][97][97][97][97][97][97][97][97][97][97][97][97][97][97][97][97][97][97][97][97][122][122][122][122][122][122][122][122][122][122][122][122][122][122][122][122][122][122][122][122][122][122][122][122][122][122][122][122][122][122][122][122][122][122][122][122][122][112][112][112][112][112][112][112][112][112][112][112][112][112][112][112][112][112][112][112][112][112][112][112][112][112][112][112][112][112][112][112][112][112][112][112][111][111][111][111][111][111][111][111][111][0][0]
	[125][123][123][0]
[97][98][120][120][120][120][120][120][120][99][100][97][97][97][97][97][97][97][97][97][97][97][97][97][97][97][97][97][97][97][97][97][97][97][97][97][97][97][97][97][97][122][122][122][122][122][122][122][122][122][122][122][122][122][122][122][122][122][122][122][122][122][122][122][122][122][122][122][122][122][122][122][122][122][122][122][122][122][112][112][112][112][112][112][112][112][112][112][112][112][112][112][112][112][112][112][112][112][112][112][112][112][112][112][112][112][112][112][112][112][112][112][112][111][111][111][111][111][111][111][111][111][111][0][0][0]
	[125][124][124][0]
[97][98][120][120][120][120][120][120][120][99][100][97][97][97][97][97][97][97][97][97][97][97][97][97][97][97][97][97][97][97][97][97][97][97][97][97][97][97][97][97][97][122][122][122][122][122][122][122][122][122][122][122][122][122][122][122][122][122][122][122][122][122][122][122][122][122][122][122][122][122][122][122][122][122][122][122][122][122][112][112][112][112][112][112][112][112][112][112][112][112][112][112][112][112][112][112][112][112][112][112][112][112][112][112][112][112][112][112][112][112][112][112][112][111][111][111][111][111][111][111][111][111][111][111][0][0]
	[127][125][125][0]
[97][98][120][120][120][120][120][120][120][99][100][97][97][97][97][97][97][97][97][97][97][97][97][97][97][97][97][97][97][97][97][97][97][97][97][97][97][97][97][97][97][122][122][122][122][122][122][122][122][122][122][122][122][122][122][122][122][122][122][122][122][122][122][122][122][122][122][122][122][122][122][122][122][122][122][122][122][122][112][112][112][112][112][112][112][112][112][112][112][112][112][112][112][112][112][112][112][112][112][112][112][112][112][112][112][112][112][112][112][112][112][112][112][111][111][111][111][111][111][111][111][111][111][111][111][0][0][0]
	[127][126][126][0]
[97][98][120][120][120][120][120][120][120][99][100][97][97][97][97][97][97][97][97][97][97][97][97][97][97][97][97][97][97][97][97][97][97][97][97][97][97][97][97][97][97][122][122][122][122][122][122][122][122][122][122][122][122][122][122][122][122][122][122][122][122][122][122][122][122][122][122][122][122][122][122][122][122][122][122][122][122][122][112][112][112][112][112][112][112][112][112][112][112][112][112][112][112][112][112][112][112][112][112][112][112][112][112][112][112][112][112][112][112][112][112][112][112][111][111][111][111][111][111][111][111][111][111][111][111][111][0][0]
	[129][127][127][0]
[97][98][120][120][120][120][120][120][120][99][100][97][97][97][97][97][97][97][97][97][97][97][97][97][97][97][97][97][97][97][97][97][97][97][97][97][97][97][97][97][97][122][122][122][122][122][122][122][122][122][122][122][122][122][122][122][122][122][122][122][122][122][122][122][122][122][122][122][122][122][122][122][122][122][122][122][122][122][112][112][112][112][112][112][112][112][112][112][112][112][112][112][112][112][112][112][112][112][112][112][112][112][112][112][112][112][112][112][112][112][112][112][112][111][111][111][111][111][111][111][111][111][111][111][111][111][111][0][0][0]
	[129][128][128][0]
[97][98][120][120][120][120][120][120][120][99][100][97][97][97][97][97][97][97][97][97][97][97][97][97][97][97][97][97][97][97][97][97][97][97][97][97][97][97][97][97][97][122][122][122][122][122][122][122][122][122][122][122][122][122][122][122][122][122][122][122][122][122][122][122][122][122][122][122][122][122][122][122][122][122][122][122][122][122][112][112][112][112][112][112][112][112][112][112][112][112][112][112][112][112][112][112][112][112][112][112][112][112][112][112][112][112][112][112][112][112][112][112][112][111][111][111][111][111][111][111][111][111][111][111][111][111][111][111][0][0]
	[131][129][129][0]
[97][98][120][120][120][120][120][120][120][99][100][97][97][97][97][97][97][97][97][97][97][97][97][97][97][97][97][97][97][97][97][97][97][97][97][97][97][97][97][97][97][122][122][122][122][122][122][122][122][122][122][122][122][122][122][122][122][122][122][122][122][122][122][122][122][122][122][122][122][122][122][122][122][122][122][122][122][122][112][112][112][112][112][112][112][112][112][112][112][112][112][112][112][112][112][112][112][112][112][112][112][112][112][112][112][112][112][112][112][112][112][112][112][111][111][111][111][111][111][111][111][111][111][111][111][111][111][111][111][0][0][0]
	[131][130][130][0]
[97][98][120][120][120][120][120][120][120][99][100][97][97][97][97][97][97][97][97][97][97][97][97][97][97][97][97][97][97][97][97][97][97][97][97][97][97][97][97][97][97][122][122][122][122][122][122][122][122][122][122][122][122][122][122][122][122][122][122][122][122][122][122][122][122][122][122][122][122][122][122][122][122][122][122][122][122][122][112][112][112][112][112][112][112][112][112][112][112][112][112][112][112][112][112][112][112][112][112][112][112][112][112][112][112][112][112][112][112][112][112][112][112][111][111][111][111][111][111][111][111][111][111][111][111][111][111][111][111][111][0][0]
	[133][131][131][0]
[97][98][120][120][120][120][120][120][120][99][100][97][97][97][97][97][97][97][97][97][97][97][97][97][97][97][97][97][97][97][97][97][97][97][97][97][97][97][97][97][97][122][122][122][122][122][122][122][122][122][122][122][122][122][122][122][122][122][122][122][122][122][122][122][122][122][122][122][122][122][122][122][122][122][122][122][122][122][112][112][112][112][112][112][112][112][112][112][112][112][112][112][112][112][112][112][112][112][112][112][112][112][112][112][112][112][112][112][112][112][112][112][112][111][111][111][111][111][111][111][111][111][111][111][111][111][111][111][111][111][111][0][0][0]
	[133][132][132][0]
[97][98][120][120][120][120][120][120][120][99][100][97][97][97][97][97][97][97][97][97][97][97][97][97][97][97][97][97][97][97][97][97][97][97][97][97][97][97][97][97][97][122][122][122][122][122][122][122][122][122][122][122][122][122][122][122][122][122][122][122][122][122][122][122][122][122][122][122][122][122][122][122][122][122][122][122][122][122][112][112][112][112][112][112][112][112][112][112][112][112][112][112][112][112][112][112][112][112][112][112][112][112][112][112][112][112][112][112][112][112][112][112][112][111][111][111][111][111][111][111][111][111][111][111][111][111][111][111][111][111][111][111][0][0]
	[135][133][133][0]
[97][98][120][120][120][120][120][120][120][99][100][97][97][97][97][97][97][97][97][97][97][97][97][97][97][97][97][97][97][97][97][97][97][97][97][97][97][97][97][97][97][122][122][122][122][122][122][122][122][122][122][122][122][122][122][122][122][122][122][122][122][122][122][122][122][122][122][122][122][122][122][122][122][122][122][122][122][122][112][112][112][112][112][112][112][112][112][112][112][112][112][112][112][112][112][112][112][112][112][112][112][112][112][112][112][112][112][112][112][112][112][112][112][111][111][111][111][111][111][111][111][111][111][111][111][111][111][111][111][111][111][111][111][0][0][0]
	[135][134][134][0]
[97][98][120][120][120][120][120][120][120][99][100][97][97][97][97][97][97][97][97][97][97][97][97][97][97][97][97][97][97][97][97][97][97][97][97][97][97][97][97][97][97][122][122][122][122][122][122][122][122][122][122][122][122][122][122][122][122][122][122][122][122][122][122][122][122][122][122][122][122][122][122][122][122][122][122][122][122][122][112][112][112][112][112][112][112][112][112][112][112][112][112][112][112][112][112][112][112][112][112][112][112][112][112][112][112][112][112][112][112][112][112][112][112][111][111][111][111][111][111][111][111][111][111][111][111][111][111][111][111][111][111][111][111][111][0][0]
	[137][135][135][0]
[97][98][120][120][120][120][120][120][120][99][100][97][97][97][97][97][97][97][97][97][97][97][97][97][97][97][97][97][97][97][97][97][97][97][97][97][97][97][97][97][97][122][122][122][122][122][122][122][122][122][122][122][122][122][122][122][122][122][122][122][122][122][122][122][122][122][122][122][122][122][122][122][122][122][122][122][122][122][112][112][112][112][112][112][112][112][112][112][112][112][112][112][112][112][112][112][112][112][112][112][112][112][112][112][112][112][112][112][112][112][112][112][112][111][111][111][111][111][111][111][111][111][111][111][111][111][111][111][111][111][111][111][111][111][111][0][0][0]
	[137][136][136][0]
[97][98][120][120][120][120][120][120][120][99][100][97][97][97][97][97][97][97][97][97][97][97][97][97][97][97][97][97][97][97][97][97][97][97][97][97][97][97][97][97][97][122][122][122][122][122][122][122][122][122][122][122][122][122][122][122][122][122][122][122][122][122][122][122][122][122][122][122][122][122][122][122][122][122][122][122][122][122][112][112][112][112][112][112][112][112][112][112][112][112][112][112][112][112][112][112][112][112][112][112][112][112][112][112][112][112][112][112][112][112][112][112][112][111][111][111][111][111][111][111][111][111][111][111][111][111][111][111][111][111][111][111][111][111][111][111][0][0]
	[139][137][137][0]
[97][98][120][120][120][120][120][120][120][99][100][97][97][97][97][97][97][97][97][97][97][97][97][97][97][97][97][97][97][97][97][97][97][97][97][97][97][97][97][97][97][122][122][122][122][122][122][122][122][122][122][122][122][122][122][122][122][122][122][122][122][122][122][122][122][122][122][122][122][122][122][122][122][122][122][122][122][122][112][112][112][112][112][112][112][112][112][112][112][112][112][112][112][112][112][112][112][112][112][112][112][112][112][112][112][112][112][112][112][112][112][112][112][111][111][111][111][111][111][111][111][111][111][111][111][111][111][111][111][111][111][111][111][111][111][111][111][0][0][0]
	[139][138][138][0]
[97][98][120][120][120][120][120][120][120][99][100][97][97][97][97][97][97][97][97][97][97][97][97][97][97][97][97][97][97][97][97][97][97][97][97][97][97][97][97][97][97][122][122][122][122][122][122][122][122][122][122][122][122][122][122][122][122][122][122][122][122][122][122][122][122][122][122][122][122][122][122][122][122][122][122][122][122][122][112][112][112][112][112][112][112][112][112][112][112][112][112][112][112][112][112][112][112][112][112][112][112][112][112][112][112][112][112][112][112][112][112][112][112][111][111][111][111][111][111][111][111][111][111][111][111][111][111][111][111][111][111][111][111][111][111][111][111][111][0][0]
	[141][139][139][0]
[97][98][120][120][120][120][120][120][120][99][100][97][97][97][97][97][97][97][97][97][97][97][97][97][97][97][97][97][97][97][97][97][97][97][97][97][97][97][97][97][97][122][122][122][122][122][122][122][122][122][122][122][122][122][122][122][122][122][122][122][122][122][122][122][122][122][122][122][122][122][122][122][122][122][122][122][122][122][112][112][112][112][112][112][112][112][112][112][112][112][112][112][112][112][112][112][112][112][112][112][112][112][112][112][112][112][112][112][112][112][112][112][112][111][111][111][111][111][111][111][111][111][111][111][111][111][111][111][111][111][111][111][111][111][111][111][111][111][108][0][0][0]
	[141][140][140][0]
[97][98][120][120][120][120][120][120][120][99][100][97][97][97][97][97][97][97][97][97][97][97][97][97][97][97][97][97][97][97][97][97][97][97][97][97][97][97][97][97][97][122][122][122][122][122][122][122][122][122][122][122][122][122][122][122][122][122][122][122][122][122][122][122][122][122][122][122][122][122][122][122][122][122][122][122][122][122][112][112][112][112][112][112][112][112][112][112][112][112][112][112][112][112][112][112][112][112][112][112][112][112][112][112][112][112][112][112][112][112][112][112][112][111][111][111][111][111][111][111][111][111][111][111][111][111][111][111][111][111][111][111][111][111][111][111][111][111][108][109][0][0]
	[143][141][141][0]
[97][98][120][120][120][120][120][120][120][99][100][97][97][97][97][97][97][97][97][97][97][97][97][97][97][97][97][97][97][97][97][97][97][97][97][97][97][97][97][97][97][122][122][122][122][122][122][122][122][122][122][122][122][122][122][122][122][122][122][122][122][122][122][122][122][122][122][122][122][122][122][122][122][122][122][122][122][122][112][112][112][112][112][112][112][112][112][112][112][112][112][112][112][112][112][112][112][112][112][112][112][112][112][112][112][112][112][112][112][112][112][112][112][111][111][111][111][111][111][111][111][111][111][111][111][111][111][111][111][111][111][111][111][111][111][111][111][111][108][109][110][0][0][0]
	[143][142][142][0]
[97][98][120][120][120][120][120][120][120][99][100][97][97][97][97][97][97][97][97][97][97][97][97][97][97][97][97][97][97][97][97][97][97][97][97][97][97][97][97][97][97][122][122][122][122][122][122][122][122][122][122][122][122][122][122][122][122][122][122][122][122][122][122][122][122][122][122][122][122][122][122][122][122][122][122][122][122][122][112][112][112][112][112][112][112][112][112][112][112][112][112][112][112][112][112][112][112][112][112][112][112][112][112][112][112][112][112][112][112][112][112][112][112][111][111][111][111][111][111][111][111][111][111][111][111][111][111][111][111][111][111][111][111][111][111][111][111][111][108][109][110][107][0][0]
	[145][143][143][0]
[97][98][120][120][120][120][120][120][120][99][100][97][97][97][97][97][97][97][97][97][97][97][97][97][97][97][97][97][97][97][97][97][97][97][97][97][97][97][97][97][97][122][122][122][122][122][122][122][122][122][122][122][122][122][122][122][122][122][122][122][122][122][122][122][122][122][122][122][122][122][122][122][122][122][122][122][122][122][112][112][112][112][112][112][112][112][112][112][112][112][112][112][112][112][112][112][112][112][112][112][112][112][112][112][112][112][112][112][112][112][112][112][112][111][111][111][111][111][111][111][111][111][111][111][111][111][111][111][111][111][111][111][111][111][111][111][111][111][108][109][110][107][107][0][0][0]
	[145][144][144][0]
[97][98][120][120][120][120][120][120][120][99][100][97][97][97][97][97][97][97][97][97][97][97][97][97][97][97][97][97][97][97][97][97][97][97][97][97][97][97][97][97][97][122][122][122][122][122][122][122][122][122][122][122][122][122][122][122][122][122][122][122][122][122][122][122][122][122][122][122][122][122][122][122][122][122][122][122][122][122][112][112][112][112][112][112][112][112][112][112][112][112][112][112][112][112][112][112][112][112][112][112][112][112][112][112][112][112][112][112][112][112][112][112][112][111][111][111][111][111][111][111][111][111][111][111][111][111][111][111][111][111][111][111][111][111][111][111][111][111][108][109][110][107][107][107][0][0]
	[147][145][145][0]
[97][98][120][120][120][120][120][120][120][99][100][97][97][97][97][97][97][97][97][97][97][97][97][97][97][97][97][97][97][97][97][97][97][97][97][97][97][97][97][97][97][122][122][122][122][122][122][122][122][122][122][122][122][122][122][122][122][122][122][122][122][122][122][122][122][122][122][122][122][122][122][122][122][122][122][122][122][122][112][112][112][112][112][112][112][112][112][112][112][112][112][112][112][112][112][112][112][112][112][112][112][112][112][112][112][112][112][112][112][112][112][112][112][111][111][111][111][111][111][111][111][111][111][111][111][111][111][111][111][111][111][111][111][111][111][111][111][111][108][109][110][107][107][107][111][0][0][0]
	[147][146][146][0]
[97][98][120][120][120][120][120][120][120][99][100][97][97][97][97][97][97][97][97][97][97][97][97][97][97][97][97][97][97][97][97][97][97][97][97][97][97][97][97][97][97][122][122][122][122][122][122][122][122][122][122][122][122][122][122][122][122][122][122][122][122][122][122][122][122][122][122][122][122][122][122][122][122][122][122][122][122][122][112][112][112][112][112][112][112][112][112][112][112][112][112][112][112][112][112][112][112][112][112][112][112][112][112][112][112][112][112][112][112][112][112][112][112][111][111][111][111][111][111][111][111][111][111][111][111][111][111][111][111][111][111][111][111][111][111][111][111][111][108][109][110][107][107][107][111][112][0][0]
	[149][147][147][0]
[97][98][120][120][120][120][120][120][120][99][100][97][97][97][97][97][97][97][97][97][97][97][97][97][97][97][97][97][97][97][97][97][97][97][97][97][97][97][97][97][97][122][122][122][122][122][122][122][122][122][122][122][122][122][122][122][122][122][122][122][122][122][122][122][122][122][122][122][122][122][122][122][122][122][122][122][122][122][112][112][112][112][112][112][112][112][112][112][112][112][112][112][112][112][112][112][112][112][112][112][112][112][112][112][112][112][112][112][112][112][112][112][112][111][111][111][111][111][111][111][111][111][111][111][111][111][111][111][111][111][111][111][111][111][111][111][111][111][108][109][110][107][107][107][111][112][109][0][0][0]
	[149][148][148][0]
[97][98][120][120][120][120][120][120][120][99][100][97][97][97][97][97][97][97][97][97][97][97][97][97][97][97][97][97][97][97][97][97][97][97][97][97][97][97][97][97][97][122][122][122][122][122][122][122][122][122][122][122][122][122][122][122][122][122][122][122][122][122][122][122][122][122][122][122][122][122][122][122][122][122][122][122][122][122][112][112][112][112][112][112][112][112][112][112][112][112][112][112][112][112][112][112][112][112][112][112][112][112][112][112][112][112][112][112][112][112][112][112][112][111][111][111][111][111][111][111][111][111][111][111][111][111][111][111][111][111][111][111][111][111][111][111][111][111][108][109][110][107][107][107][111][112][109][108][0][0]
	[149][148][147][1]
[97][98][120][120][120][120][120][120][120][99][100][97][97][97][97][97][97][97][97][97][97][97][97][97][97][97][97][97][97][97][97][97][97][97][97][97][97][97][97][97][97][122][122][122][122][122][122][122][122][122][122][122][122][122][122][122][122][122][122][122][122][122][122][122][122][122][122][122][122][122][122][122][122][122][122][122][122][122][112][112][112][112][112][112][112][112][112][112][112][112][112][112][112][112][112][112][112][112][112][112][112][112][112][112][112][112][112][112][112][112][112][112][112][111][111][111][111][111][111][111][111][111][111][111][111][111][111][111][111][111][111][111][111][111][111][111][111][111][108][109][110][107][107][107][111][112][109][0][108][0]
	[149][148][146][2]
[97][98][120][120][120][120][120][120][120][99][100][97][97][97][97][97][97][97][97][97][97][97][97][97][97][97][97][97][97][97][97][97][97][97][97][97][97][97][97][97][97][122][122][122][122][122][122][122][122][122][122][122][122][122][122][122][122][122][122][122][122][122][122][122][122][122][122][122][122][122][122][122][122][122][122][122][122][122][112][112][112][112][112][112][112][112][112][112][112][112][112][112][112][112][112][112][112][112][112][112][112][112][112][112][112][112][112][112][112][112][112][112][112][111][111][111][111][111][111][111][111][111][111][111][111][111][111][111][111][111][111][111][111][111][111][111][111][111][108][109][110][107][107][107][111][112][0][109][108][0]
	[149][148][147][1]
[97][98][120][120][120][120][120][120][120][99][100][97][97][97][97][97][97][97][97][97][97][97][97][97][97][97][97][97][97][97][97][97][97][97][97][97][97][97][97][97][97][122][122][122][122][122][122][122][122][122][122][122][122][122][122][122][122][122][122][122][122][122][122][122][122][122][122][122][122][122][122][122][122][122][122][122][122][122][112][112][112][112][112][112][112][112][112][112][112][112][112][112][112][112][112][112][112][112][112][112][112][112][112][112][112][112][112][112][112][112][112][112][112][111][111][111][111][111][111][111][111][111][111][111][111][111][111][111][111][111][111][111][111][111][111][111][111][111][108][109][110][107][107][107][111][112][109][0][108][0]
	[151][149][148][1]
[97][98][120][120][120][120][120][120][120][99][100][97][97][97][97][97][97][97][97][97][97][97][97][97][97][97][97][97][97][97][97][97][97][97][97][97][97][97][97][97][97][122][122][122][122][122][122][122][122][122][122][122][122][122][122][122][122][122][122][122][122][122][122][122][122][122][122][122][122][122][122][122][122][122][122][122][122][122][112][112][112][112][112][112][112][112][112][112][112][112][112][112][112][112][112][112][112][112][112][112][112][112][112][112][112][112][112][112][112][112][112][112][112][111][111][111][111][111][111][111][111][111][111][111][111][111][111][111][111][111][111][111][111][111][111][111][111][111][108][109][110][107][107][107][111][112][109][117][0][0][108][0]
	[151][150][149][1]
[97][98][120][120][120][120][120][120][120][99][100][97][97][97][97][97][97][97][97][97][97][97][97][97][97][97][97][97][97][97][97][97][97][97][97][97][97][97][97][97][97][122][122][122][122][122][122][122][122][122][122][122][122][122][122][122][122][122][122][122][122][122][122][122][122][122][122][122][122][122][122][122][122][122][122][122][122][122][112][112][112][112][112][112][112][112][112][112][112][112][112][112][112][112][112][112][112][112][112][112][112][112][112][112][112][112][112][112][112][112][112][112][112][111][111][111][111][111][111][111][111][111][111][111][111][111][111][111][111][111][111][111][111][111][111][111][111][111][108][109][110][107][107][107][111][112][109][117][117][0][108][0]
	[153][151][150][1]
[97][98][120][120][120][120][120][120][120][99][100][97][97][97][97][97][97][97][97][97][97][97][97][97][97][97][97][97][97][97][97][97][97][97][97][97][97][97][97][97][97][122][122][122][122][122][122][122][122][122][122][122][122][122][122][122][122][122][122][122][122][122][122][122][122][122][122][122][122][122][122][122][122][122][122][122][122][122][112][112][112][112][112][112][112][112][112][112][112][112][112][112][112][112][112][112][112][112][112][112][112][112][112][112][112][112][112][112][112][112][112][112][112][111][111][111][111][111][111][111][111][111][111][111][111][111][111][111][111][111][111][111][111][111][111][111][111][111][108][109][110][107][107][107][111][112][109][117][117][108][0][0][108][0]
	[153][151][151][0]
[97][98][120][120][120][120][120][120][120][99][100][97][97][97][97][97][97][97][97][97][97][97][97][97][97][97][97][97][97][97][97][97][97][97][97][97][97][97][97][97][97][122][122][122][122][122][122][122][122][122][122][122][122][122][122][122][122][122][122][122][122][122][122][122][122][122][122][122][122][122][122][122][122][122][122][122][122][122][112][112][112][112][112][112][112][112][112][112][112][112][112][112][112][112][112][112][112][112][112][112][112][112][112][112][112][112][112][112][112][112][112][112][112][111][111][111][111][111][111][111][111][111][111][111][111][111][111][111][111][111][111][111][111][111][111][111][111][111][108][109][110][107][107][107][111][112][109][117][117][108][108][0][0][0]
	[153][151][151][0]
[97][98][120][120][120][120][120][120][120][99][100][97][97][97][97][97][97][97][97][97][97][97][97][97][97][97][97][97][97][97][97][97][97][97][97][97][97][97][97][97][97][122][122][122][122][122][122][122][122][122][122][122][122][122][122][122][122][122][122][122][122][122][122][122][122][122][122][122][122][122][122][122][122][122][122][122][122][122][112][112][112][112][112][112][112][112][112][112][112][112][112][112][112][112][112][112][112][112][112][112][112][112][112][112][112][112][112][112][112][112][112][112][112][111][111][111][111][111][111][111][111][111][111][111][111][111][111][111][111][111][111][111][111][111][111][111][111][111][108][109][110][107][107][107][111][112][109][117][117][108][108][0][0][0]
	[153][151][151][0]
[97][98][120][120][120][120][120][120][120][99][100][97][97][97][97][97][97][97][97][97][97][97][97][97][97][97][97][97][97][97][97][97][97][97][97][97][97][97][97][97][97][122][122][122][122][122][122][122][122][122][122][122][122][122][122][122][122][122][122][122][122][122][122][122][122][122][122][122][122][122][122][122][122][122][122][122][122][122][112][112][112][112][112][112][112][112][112][112][112][112][112][112][112][112][112][112][112][112][112][112][112][112][112][112][112][112][112][112][112][112][112][112][112][111][111][111][111][111][111][111][111][111][111][111][111][111][111][111][111][111][111][111][111][111][111][111][111][111][108][109][110][107][107][107][111][112][109][117][117][108][108][0][0][0]
	[153][151][151][0]
[97][98][120][120][120][120][120][120][120][99][100][97][97][97][97][97][97][97][97][97][97][97][97][97][97][97][97][97][97][97][97][97][97][97][97][97][97][97][97][97][97][122][122][122][122][122][122][122][122][122][122][122][122][122][122][122][122][122][122][122][122][122][122][122][122][122][122][122][122][122][122][122][122][122][122][122][122][122][112][112][112][112][112][112][112][112][112][112][112][112][112][112][112][112][112][112][112][112][112][112][112][112][112][112][112][112][112][112][112][112][112][112][112][111][111][111][111][111][111][111][111][111][111][111][111][111][111][111][111][111][111][111][111][111][111][111][111][111][108][109][110][107][107][107][111][112][109][117][117][108][108][0][0][0]
	[153][151][151][0]
[97][98][120][120][120][120][120][120][120][99][100][97][97][97][97][97][97][97][97][97][97][97][97][97][97][97][97][97][97][97][97][97][97][97][97][97][97][97][97][97][97][122][122][122][122][122][122][122][122][122][122][122][122][122][122][122][122][122][122][122][122][122][122][122][122][122][122][122][122][122][122][122][122][122][122][122][122][122][112][112][112][112][112][112][112][112][112][112][112][112][112][112][112][112][112][112][112][112][112][112][112][112][112][112][112][112][112][112][112][112][112][112][112][111][111][111][111][111][111][111][111][111][111][111][111][111][111][111][111][111][111][111][111][111][111][111][111][111][108][109][110][107][107][107][111][112][109][117][117][108][108][0][0][0]
	[153][151][151][0]
[97][98][120][120][120][120][120][120][120][99][100][97][97][97][97][97][97][97][97][97][97][97][97][97][97][97][97][97][97][97][97][97][97][97][97][97][97][97][97][97][97][122][122][122][122][122][122][122][122][122][122][122][122][122][122][122][122][122][122][122][122][122][122][122][122][122][122][122][122][122][122][122][122][122][122][122][122][122][112][112][112][112][112][112][112][112][112][112][112][112][112][112][112][112][112][112][112][112][112][112][112][112][112][112][112][112][112][112][112][112][112][112][112][111][111][111][111][111][111][111][111][111][111][111][111][111][111][111][111][111][111][111][111][111][111][111][111][111][108][109][110][107][107][107][111][112][109][117][117][108][108][0][0][0]
	[153][151][151][0]
[97][98][120][120][120][120][120][120][120][99][100][97][97][97][97][97][97][97][97][97][97][97][97][97][97][97][97][97][97][97][97][97][97][97][97][97][97][97][97][97][97][122][122][122][122][122][122][122][122][122][122][122][122][122][122][122][122][122][122][122][122][122][122][122][122][122][122][122][122][122][122][122][122][122][122][122][122][122][112][112][112][112][112][112][112][112][112][112][112][112][112][112][112][112][112][112][112][112][112][112][112][112][112][112][112][112][112][112][112][112][112][112][112][111][111][111][111][111][111][111][111][111][111][111][111][111][111][111][111][111][111][111][111][111][111][111][111][111][108][109][110][107][107][107][111][112][109][117][117][108][108][0][0][0]
	[153][151][151][0]
[97][98][120][120][120][120][120][120][120][99][100][97][97][97][97][97][97][97][97][97][97][97][97][97][97][97][97][97][97][97][97][97][97][97][97][97][97][97][97][97][97][122][122][122][122][122][122][122][122][122][122][122][122][122][122][122][122][122][122][122][122][122][122][122][122][122][122][122][122][122][122][122][122][122][122][122][122][122][112][112][112][112][112][112][112][112][112][112][112][112][112][112][112][112][112][112][112][112][112][112][112][112][112][112][112][112][112][112][112][112][112][112][112][111][111][111][111][111][111][111][111][111][111][111][111][111][111][111][111][111][111][111][111][111][111][111][111][111][108][109][110][107][107][107][111][112][109][117][117][108][108][0][0][0]
	[153][151][151][0]
[97][98][120][120][120][120][120][120][120][99][100][97][97][97][97][97][97][97][97][97][97][97][97][97][97][97][97][97][97][97][97][97][97][97][97][97][97][97][97][97][97][122][122][122][122][122][122][122][122][122][122][122][122][122][122][122][122][122][122][122][122][122][122][122][122][122][122][122][122][122][122][122][122][122][122][122][122][122][112][112][112][112][112][112][112][112][112][112][112][112][112][112][112][112][112][112][112][112][112][112][112][112][112][112][112][112][112][112][112][112][112][112][112][111][111][111][111][111][111][111][111][111][111][111][111][111][111][111][111][111][111][111][111][111][111][111][111][111][108][109][110][107][107][107][111][112][109][117][117][108][108][0][0][0]
	[153][151][151][0]
[97][98][120][120][120][120][120][120][120][99][100][97][97][97][97][97][97][97][97][97][97][97][97][97][97][97][97][97][97][97][97][97][97][97][97][97][97][97][97][97][97][122][122][122][122][122][122][122][122][122][122][122][122][122][122][122][122][122][122][122][122][122][122][122][122][122][122][122][122][122][122][122][122][122][122][122][122][122][112][112][112][112][112][112][112][112][112][112][112][112][112][112][112][112][112][112][112][112][112][112][112][112][112][112][112][112][112][112][112][112][112][112][112][111][111][111][111][111][111][111][111][111][111][111][111][111][111][111][111][111][111][111][111][111][111][111][111][111][108][109][110][107][107][107][111][112][109][117][117][108][108][0][0][0]
	[153][151][151][0]
[97][98][120][120][120][120][120][120][120][99][100][97][97][97][97][97][97][97][97][97][97][97][97][97][97][97][97][97][97][97][97][97][97][97][97][97][97][97][97][97][97][122][122][122][122][122][122][122][122][122][122][122][122][122][122][122][122][122][122][122][122][122][122][122][122][122][122][122][122][122][122][122][122][122][122][122][122][122][112][112][112][112][112][112][112][112][112][112][112][112][112][112][112][112][112][112][112][112][112][112][112][112][112][112][112][112][112][112][112][112][112][112][112][111][111][111][111][111][111][111][111][111][111][111][111][111][111][111][111][111][111][111][111][111][111][111][111][111][108][109][110][107][107][107][111][112][109][117][117][108][108][0][0][0]
	[153][151][151][0]
[97][98][120][120][120][120][120][120][120][99][100][97][97][97][97][97][97][97][97][97][97][97][97][97][97][97][97][97][97][97][97][97][97][97][97][97][97][97][97][97][97][122][122][122][122][122][122][122][122][122][122][122][122][122][122][122][122][122][122][122][122][122][122][122][122][122][122][122][122][122][122][122][122][122][122][122][122][122][112][112][112][112][112][112][112][112][112][112][112][112][112][112][112][112][112][112][112][112][112][112][112][112][112][112][112][112][112][112][112][112][112][112][112][111][111][111][111][111][111][111][111][111][111][111][111][111][111][111][111][111][111][111][111][111][111][111][111][111][108][109][110][107][107][107][111][112][109][117][117][108][108][0][0][0]
	[153][151][151][0]
[97][98][120][120][120][120][120][120][120][99][100][97][97][97][97][97][97][97][97][97][97][97][97][97][97][97][97][97][97][97][97][97][97][97][97][97][97][97][97][97][97][122][122][122][122][122][122][122][122][122][122][122][122][122][122][122][122][122][122][122][122][122][122][122][122][122][122][122][122][122][122][122][122][122][122][122][122][122][112][112][112][112][112][112][112][112][112][112][112][112][112][112][112][112][112][112][112][112][112][112][112][112][112][112][112][112][112][112][112][112][112][112][112][111][111][111][111][111][111][111][111][111][111][111][111][111][111][111][111][111][111][111][111][111][111][111][111][111][108][109][110][107][107][107][111][112][109][117][117][108][108][0][0][0]
	[153][151][151][0]
[97][98][120][120][120][120][120][120][120][99][100][97][97][97][97][97][97][97][97][97][97][97][97][97][97][97][97][97][97][97][97][97][97][97][97][97][97][97][97][97][97][122][122][122][122][122][122][122][122][122][122][122][122][122][122][122][122][122][122][122][122][122][122][122][122][122][122][122][122][122][122][122][122][122][122][122][122][122][112][112][112][112][112][112][112][112][112][112][112][112][112][112][112][112][112][112][112][112][112][112][112][112][112][112][112][112][112][112][112][112][112][112][112][111][111][111][111][111][111][111][111][111][111][111][111][111][111][111][111][111][111][111][111][111][111][111][111][111][108][109][110][107][107][107][111][112][109][117][117][108][108][0][0][0]
	[153][151][150][1]
[97][98][120][120][120][120][120][120][120][99][100][97][97][97][97][97][97][97][97][97][97][97][97][97][97][97][97][97][97][97][97][97][97][97][97][97][97][97][97][97][97][122][122][122][122][122][122][122][122][122][122][122][122][122][122][122][122][122][122][122][122][122][122][122][122][122][122][122][122][122][122][122][122][122][122][122][122][122][112][112][112][112][112][112][112][112][112][112][112][112][112][112][112][112][112][112][112][112][112][112][112][112][112][112][112][112][112][112][112][112][112][112][112][111][111][111][111][111][111][111][111][111][111][111][111][111][111][111][111][111][111][111][111][111][111][111][111][111][108][109][110][107][107][107][111][112][109][117][117][108][0][0][108][0]
	[153][151][149][2]
[97][98][120][120][120][120][120][120][120][99][100][97][97][97][97][97][97][97][97][97][97][97][97][97][97][97][97][97][97][97][97][97][97][97][97][97][97][97][97][97][97][122][122][122][122][122][122][122][122][122][122][122][122][122][122][122][122][122][122][122][122][122][122][122][122][122][122][122][122][122][122][122][122][122][122][122][122][122][112][112][112][112][112][112][112][112][112][112][112][112][112][112][112][112][112][112][112][112][112][112][112][112][112][112][112][112][112][112][112][112][112][112][112][111][111][111][111][111][111][111][111][111][111][111][111][111][111][111][111][111][111][111][111][111][111][111][111][111][108][109][110][107][107][107][111][112][109][117][117][0][0][108][108][0]
	[153][151][148][3]
[97][98][120][120][120][120][120][120][120][99][100][97][97][97][97][97][97][97][97][97][97][97][97][97][97][97][97][97][97][97][97][97][97][97][97][97][97][97][97][97][97][122][122][122][122][122][122][122][122][122][122][122][122][122][122][122][122][122][122][122][122][122][122][122][122][122][122][122][122][122][122][122][122][122][122][122][122][122][112][112][112][112][112][112][112][112][112][112][112][112][112][112][112][112][112][112][112][112][112][112][112][112][112][112][112][112][112][112][112][112][112][112][112][111][111][111][111][111][111][111][111][111][111][111][111][111][111][111][111][111][111][111][111][111][111][111][111][111][108][109][110][107][107][107][111][112][109][117][0][0][117][108][108][0]
	[153][151][147][4]
[97][98][120][120][120][120][120][120][120][99][100][97][97][97][97][97][97][97][97][97][97][97][97][97][97][97][97][97][97][97][97][97][97][97][97][97][97][97][97][97][97][122][122][122][122][122][122][122][122][122][122][122][122][122][122][122][122][122][122][122][122][122][122][122][122][122][122][122][122][122][122][122][122][122][122][122][122][122][112][112][112][112][112][112][112][112][112][112][112][112][112][112][112][112][112][112][112][112][112][112][112][112][112][112][112][112][112][112][112][112][112][112][112][111][111][111][111][111][111][111][111][111][111][111][111][111][111][111][111][111][111][111][111][111][111][111][111][111][108][109][110][107][107][107][111][112][109][0][0][117][117][108][108][0]
	[153][151][146][5]
[97][98][120][120][120][120][120][120][120][99][100][97][97][97][97][97][97][97][97][97][97][97][97][97][97][97][97][97][97][97][97][97][97][97][97][97][97][97][97][97][97][122][122][122][122][122][122][122][122][122][122][122][122][122][122][122][122][122][122][122][122][122][122][122][122][122][122][122][122][122][122][122][122][122][122][122][122][122][112][112][112][112][112][112][112][112][112][112][112][112][112][112][112][112][112][112][112][112][112][112][112][112][112][112][112][112][112][112][112][112][112][112][112][111][111][111][111][111][111][111][111][111][111][111][111][111][111][111][111][111][111][111][111][111][111][111][111][111][108][109][110][107][107][107][111][112][0][0][109][117][117][108][108][0]
	[153][151][145][6]
[97][98][120][120][120][120][120][120][120][99][100][97][97][97][97][97][97][97][97][97][97][97][97][97][97][97][97][97][97][97][97][97][97][97][97][97][97][97][97][97][97][122][122][122][122][122][122][122][122][122][122][122][122][122][122][122][122][122][122][122][122][122][122][122][122][122][122][122][122][122][122][122][122][122][122][122][122][122][112][112][112][112][112][112][112][112][112][112][112][112][112][112][112][112][112][112][112][112][112][112][112][112][112][112][112][112][112][112][112][112][112][112][112][111][111][111][111][111][111][111][111][111][111][111][111][111][111][111][111][111][111][111][111][111][111][111][111][111][108][109][110][107][107][107][111][0][0][112][109][117][117][108][108][0]
	[153][151][144][7]
[97][98][120][120][120][120][120][120][120][99][100][97][97][97][97][97][97][97][97][97][97][97][97][97][97][97][97][97][97][97][97][97][97][97][97][97][97][97][97][97][97][122][122][122][122][122][122][122][122][122][122][122][122][122][122][122][122][122][122][122][122][122][122][122][122][122][122][122][122][122][122][122][122][122][122][122][122][122][112][112][112][112][112][112][112][112][112][112][112][112][112][112][112][112][112][112][112][112][112][112][112][112][112][112][112][112][112][112][112][112][112][112][112][111][111][111][111][111][111][111][111][111][111][111][111][111][111][111][111][111][111][111][111][111][111][111][111][111][108][109][110][107][107][107][0][0][111][112][109][117][117][108][108][0]
	[153][151][143][8]
[97][98][120][120][120][120][120][120][120][99][100][97][97][97][97][97][97][97][97][97][97][97][97][97][97][97][97][97][97][97][97][97][97][97][97][97][97][97][97][97][97][122][122][122][122][122][122][122][122][122][122][122][122][122][122][122][122][122][122][122][122][122][122][122][122][122][122][122][122][122][122][122][122][122][122][122][122][122][112][112][112][112][112][112][112][112][112][112][112][112][112][112][112][112][112][112][112][112][112][112][112][112][112][112][112][112][112][112][112][112][112][112][112][111][111][111][111][111][111][111][111][111][111][111][111][111][111][111][111][111][111][111][111][111][111][111][111][111][108][109][110][107][107][0][0][107][111][112][109][117][117][108][108][0]
	[153][151][142][9]
[97][98][120][120][120][120][120][120][120][99][100][97][97][97][97][97][97][97][97][97][97][97][97][97][97][97][97][97][97][97][97][97][97][97][97][97][97][97][97][97][97][122][122][122][122][122][122][122][122][122][122][122][122][122][122][122][122][122][122][122][122][122][122][122][122][122][122][122][122][122][122][122][122][122][122][122][122][122][112][112][112][112][112][112][112][112][112][112][112][112][112][112][112][112][112][112][112][112][112][112][112][112][112][112][112][112][112][112][112][112][112][112][112][111][111][111][111][111][111][111][111][111][111][111][111][111][111][111][111][111][111][111][111][111][111][111][111][111][108][109][110][107][0][0][107][107][111][112][109][117][117][108][108][0]
	[153][151][141][10]
[97][98][120][120][120][120][120][120][120][99][100][97][97][97][97][97][97][97][97][97][97][97][97][97][97][97][97][97][97][97][97][97][97][97][97][97][97][97][97][97][97][122][122][122][122][122][122][122][122][122][122][122][122][122][122][122][122][122][122][122][122][122][122][122][122][122][122][122][122][122][122][122][122][122][122][122][122][122][112][112][112][112][112][112][112][112][112][112][112][112][112][112][112][112][112][112][112][112][112][112][112][112][112][112][112][112][112][112][112][112][112][112][112][111][111][111][111][111][111][111][111][111][111][111][111][111][111][111][111][111][111][111][111][111][111][111][111][111][108][109][110][0][0][107][107][107][111][112][109][117][117][108][108][0]
	[153][151][140][11]
[97][98][120][120][120][120][120][120][120][99][100][97][97][97][97][97][97][97][97][97][97][97][97][97][97][97][97][97][97][97][97][97][97][97][97][97][97][97][97][97][97][122][122][122][122][122][122][122][122][122][122][122][122][122][122][122][122][122][122][122][122][122][122][122][122][122][122][122][122][122][122][122][122][122][122][122][122][122][112][112][112][112][112][112][112][112][112][112][112][112][112][112][112][112][112][112][112][112][112][112][112][112][112][112][112][112][112][112][112][112][112][112][112][111][111][111][111][111][111][111][111][111][111][111][111][111][111][111][111][111][111][111][111][111][111][111][111][111][108][109][0][0][110][107][107][107][111][112][109][117][117][108][108][0]
	[153][151][139][12]
[97][98][120][120][120][120][120][120][120][99][100][97][97][97][97][97][97][97][97][97][97][97][97][97][97][97][97][97][97][97][97][97][97][97][97][97][97][97][97][97][97][122][122][122][122][122][122][122][122][122][122][122][122][122][122][122][122][122][122][122][122][122][122][122][122][122][122][122][122][122][122][122][122][122][122][122][122][122][112][112][112][112][112][112][112][112][112][112][112][112][112][112][112][112][112][112][112][112][112][112][112][112][112][112][112][112][112][112][112][112][112][112][112][111][111][111][111][111][111][111][111][111][111][111][111][111][111][111][111][111][111][111][111][111][111][111][111][111][108][0][0][109][110][107][107][107][111][112][109][117][117][108][108][0]
	[153][151][138][13]
[97][98][120][120][120][120][120][120][120][99][100][97][97][97][97][97][97][97][97][97][97][97][97][97][97][97][97][97][97][97][97][97][97][97][97][97][97][97][97][97][97][122][122][122][122][122][122][122][122][122][122][122][122][122][122][122][122][122][122][122][122][122][122][122][122][122][122][122][122][122][122][122][122][122][122][122][122][122][112][112][112][112][112][112][112][112][112][112][112][112][112][112][112][112][112][112][112][112][112][112][112][112][112][112][112][112][112][112][112][112][112][112][112][111][111][111][111][111][111][111][111][111][111][111][111][111][111][111][111][111][111][111][111][111][111][111][111][111][0][0][108][109][110][107][107][107][111][112][109][117][117][108][108][0]
	[153][151][137][14]
[97][98][120][120][120][120][120][120][120][99][100][97][97][97][97][97][97][97][97][97][97][97][97][97][97][97][97][97][97][97][97][97][97][97][97][97][97][97][97][97][97][122][122][122][122][122][122][122][122][122][122][122][122][122][122][122][122][122][122][122][122][122][122][122][122][122][122][122][122][122][122][122][122][122][122][122][122][122][112][112][112][112][112][112][112][112][112][112][112][112][112][112][112][112][112][112][112][112][112][112][112][112][112][112][112][112][112][112][112][112][112][112][112][111][111][111][111][111][111][111][111][111][111][111][111][111][111][111][111][111][111][111][111][111][111][111][111][0][0][111][108][109][110][107][107][107][111][112][109][117][117][108][108][0]
	[153][151][136][15]
[97][98][120][120][120][120][120][120][120][99][100][97][97][97][97][97][97][97][97][97][97][97][97][97][97][97][97][97][97][97][97][97][97][97][97][97][97][97][97][97][97][122][122][122][122][122][122][122][122][122][122][122][122][122][122][122][122][122][122][122][122][122][122][122][122][122][122][122][122][122][122][122][122][122][122][122][122][122][112][112][112][112][112][112][112][112][112][112][112][112][112][112][112][112][112][112][112][112][112][112][112][112][112][112][112][112][112][112][112][112][112][112][112][111][111][111][111][111][111][111][111][111][111][111][111][111][111][111][111][111][111][111][111][111][111][111][0][0][111][111][108][109][110][107][107][107][111][112][109][117][117][108][108][0]
	[153][151][135][16]
[97][98][120][120][120][120][120][120][120][99][100][97][97][97][97][97][97][97][97][97][97][97][97][97][97][97][97][97][97][97][97][97][97][97][97][97][97][97][97][97][97][122][122][122][122][122][122][122][122][122][122][122][122][122][122][122][122][122][122][122][122][122][122][122][122][122][122][122][122][122][122][122][122][122][122][122][122][122][112][112][112][112][112][112][112][112][112][112][112][112][112][112][112][112][112][112][112][112][112][112][112][112][112][112][112][112][112][112][112][112][112][112][112][111][111][111][111][111][111][111][111][111][111][111][111][111][111][111][111][111][111][111][111][111][111][0][0][111][111][111][108][109][110][107][107][107][111][112][109][117][117][108][108][0]
	[153][151][134][17]
[97][98][120][120][120][120][120][120][120][99][100][97][97][97][97][97][97][97][97][97][97][97][97][97][97][97][97][97][97][97][97][97][97][97][97][97][97][97][97][97][97][122][122][122][122][122][122][122][122][122][122][122][122][122][122][122][122][122][122][122][122][122][122][122][122][122][122][122][122][122][122][122][122][122][122][122][122][122][112][112][112][112][112][112][112][112][112][112][112][112][112][112][112][112][112][112][112][112][112][112][112][112][112][112][112][112][112][112][112][112][112][112][112][111][111][111][111][111][111][111][111][111][111][111][111][111][111][111][111][111][111][111][111][111][0][0][111][111][111][111][108][109][110][107][107][107][111][112][109][117][117][108][108][0]
	[153][151][133][18]
[97][98][120][120][120][120][120][120][120][99][100][97][97][97][97][97][97][97][97][97][97][97][97][97][97][97][97][97][97][97][97][97][97][97][97][97][97][97][97][97][97][122][122][122][122][122][122][122][122][122][122][122][122][122][122][122][122][122][122][122][122][122][122][122][122][122][122][122][122][122][122][122][122][122][122][122][122][122][112][112][112][112][112][112][112][112][112][112][112][112][112][112][112][112][112][112][112][112][112][112][112][112][112][112][112][112][112][112][112][112][112][112][112][111][111][111][111][111][111][111][111][111][111][111][111][111][111][111][111][111][111][111][111][0][0][111][111][111][111][111][108][109][110][107][107][107][111][112][109][117][117][108][108][0]
	[153][151][132][19]
[97][98][120][120][120][120][120][120][120][99][100][97][97][97][97][97][97][97][97][97][97][97][97][97][97][97][97][97][97][97][97][97][97][97][97][97][97][97][97][97][97][122][122][122][122][122][122][122][122][122][122][122][122][122][122][122][122][122][122][122][122][122][122][122][122][122][122][122][122][122][122][122][122][122][122][122][122][122][112][112][112][112][112][112][112][112][112][112][112][112][112][112][112][112][112][112][112][112][112][112][112][112][112][112][112][112][112][112][112][112][112][112][112][111][111][111][111][111][111][111][111][111][111][111][111][111][111][111][111][111][111][111][0][0][111][111][111][111][111][111][108][109][110][107][107][107][111][112][109][117][117][108][108][0]
	[153][151][131][20]
[97][98][120][120][120][120][120][120][120][99][100][97][97][97][97][97][97][97][97][97][97][97][97][97][97][97][97][97][97][97][97][97][97][97][97][97][97][97][97][97][97][122][122][122][122][122][122][122][122][122][122][122][122][122][122][122][122][122][122][122][122][122][122][122][122][122][122][122][122][122][122][122][122][122][122][122][122][122][112][112][112][112][112][112][112][112][112][112][112][112][112][112][112][112][112][112][112][112][112][112][112][112][112][112][112][112][112][112][112][112][112][112][112][111][111][111][111][111][111][111][111][111][111][111][111][111][111][111][111][111][111][0][0][111][111][111][111][111][111][111][108][109][110][107][107][107][111][112][109][117][117][108][108][0]
	[153][151][130][21]
[97][98][120][120][120][120][120][120][120][99][100][97][97][97][97][97][97][97][97][97][97][97][97][97][97][97][97][97][97][97][97][97][97][97][97][97][97][97][97][97][97][122][122][122][122][122][122][122][122][122][122][122][122][122][122][122][122][122][122][122][122][122][122][122][122][122][122][122][122][122][122][122][122][122][122][122][122][122][112][112][112][112][112][112][112][112][112][112][112][112][112][112][112][112][112][112][112][112][112][112][112][112][112][112][112][112][112][112][112][112][112][112][112][111][111][111][111][111][111][111][111][111][111][111][111][111][111][111][111][111][0][0][111][111][111][111][111][111][111][111][108][109][110][107][107][107][111][112][109][117][117][108][108][0]
	[153][151][129][22]
[97][98][120][120][120][120][120][120][120][99][100][97][97][97][97][97][97][97][97][97][97][97][97][97][97][97][97][97][97][97][97][97][97][97][97][97][97][97][97][97][97][122][122][122][122][122][122][122][122][122][122][122][122][122][122][122][122][122][122][122][122][122][122][122][122][122][122][122][122][122][122][122][122][122][122][122][122][122][112][112][112][112][112][112][112][112][112][112][112][112][112][112][112][112][112][112][112][112][112][112][112][112][112][112][112][112][112][112][112][112][112][112][112][111][111][111][111][111][111][111][111][111][111][111][111][111][111][111][111][0][0][111][111][111][111][111][111][111][111][111][108][109][110][107][107][107][111][112][109][117][117][108][108][0]
./minishell: Input unhandled: [0x35315b1b]

